5 0.5810000275960192 0.860360381193459 0.08600000408478081 0.1471471507102251
5 0.46900002227630466 0.8243243442848325 0.050000002374872565 0.1351351384073496
5 0.3660000173840672 0.8243243442848325 0.06000000284984708 0.09909910149872303
5 0.32300001534167677 0.7657657843083143 0.04600000218488276 0.07207207381725311
5 0.0370000017574057 0.7942943135276437 0.058000002754852176 0.057057058438658714
5 0.7350000349106267 0.72372374124825 0.050000002374872565 0.042042043060064316
5 0.30300001439172775 0.7507507689297199 0.034000001614913344 0.030030030757188797
5 0.23100001097191125 0.7402402581647038 0.034000001614913344 0.039039039984345436
5 0.09900000470224768 0.761261279694736 0.04600000218488276 0.045045046135783195
5 0.04600000218488276 0.7657657843083143 0.03200000151991844 0.042042043060064316
5 0.6640000315383077 0.6981982151046395 0.028000001329928637 0.03303303383290768
5 0.7860000373329967 0.6936937104910612 0.028000001329928637 0.036036036908626556
5 0.8450000401353464 0.7057057227939367 0.034000001614913344 0.042042043060064316
5 0.9100000432226807 0.6981982151046395 0.03200000151991844 0.03303303383290768
5 0.9580000455025584 0.6906907074153423 0.028000001329928637 0.042042043060064316
