5 0.08300000394228846 0.5990000284509733 0.1620000076945871 0.11800000560469925
5 0.5300000251736492 0.6010000285459682 0.11600000550970435 0.10200000484474003
5 0.4150000197114423 0.6400000303983688 0.11000000522471964 0.18000000854954123
5 0.29900001420173794 0.5480000260286033 0.07000000332482159 0.05200000246986747
5 0.2200000104494393 0.5210000247461721 0.02400000113993883 0.034000001614913344
5 0.13800000655464828 0.5290000251261517 0.05200000246986747 0.042000001994892955
5 0.06500000308733433 0.5370000255061314 0.03800000180490315 0.02200000104494393
5 0.03300000156741589 0.5250000249361619 0.034000001614913344 0.034000001614913344
5 0.07500000356230885 0.5250000249361619 0.03000000142492354 0.026000001234933734
5 0.41800001985393465 0.523000024841167 0.02400000113993883 0.02200000104494393
5 0.34800001652911305 0.5410000256961212 0.03600000170990825 0.042000001994892955
5 0.4480000212788582 0.5250000249361619 0.028000001329928637 0.014000000664964318
5 0.5250000249361619 0.5420000257436186 0.03000000142492354 0.028000001329928637
5 0.5570000264560804 0.5420000257436186 0.034000001614913344 0.020000000949949026
5 0.7370000350056216 0.5400000256486237 0.03000000142492354 0.02400000113993883
5 0.689000032725744 0.534000025363639 0.026000001234933734 0.020000000949949026
5 0.6660000316333026 0.5360000254586339 0.03600000170990825 0.02400000113993883
5 0.6350000301608816 0.534000025363639 0.02200000104494393 0.028000001329928637
5 0.6090000289259478 0.5330000253161415 0.03000000142492354 0.03000000142492354
