2 0.2710000128718093 0.7373333254363388 0.226000010734424 0.22666666423901916
2 0.8460000401828438 0.7079999924171716 0.16400000778958201 0.24799999734386802
2 0.8370000397553667 0.7746666583698243 0.09400000446476042 0.15199999837204814
2 0.6810000323457643 0.766666658455506 0.0780000037048012 0.11466666543856263
2 0.7450000353856012 0.7719999917317182 0.07000000332482159 0.09866666560992599
0 0.47500002256128937 0.7906666581984609 0.026000001234933734 0.050666666124016047
0 0.5080000241287053 0.7973333247937262 0.01600000075995922 0.04799999948590994
0 0.5290000251261517 0.7853333249222487 0.010000000474974513 0.07199999922886491
0 0.5510000261710957 0.7999999914318323 0.02200000104494393 0.04799999948590994
0 0.5880000279285014 0.7706666584126651 0.02400000113993883 0.05866666603833437
0 0.6100000289734453 0.8319999910891056 0.028000001329928637 0.04266666620969772
0 0.6380000303033739 0.8226666578557342 0.02400000113993883 0.050666666124016047
0 0.6390000303508714 0.7733333250507712 0.026000001234933734 0.04266666620969772
0 0.6300000299233943 0.7239999922458082 0.02400000113993883 0.04533333284780383
