5 0.14200000674463809 0.3173333299346268 0.28000001329928637 0.43199999537318945
5 0.1910000090720132 0.7346666587982327 0.3780000179540366 0.5306666609831154
5 0.5910000280709937 0.6053333268500865 0.27800001320429146 0.4479999952018261
5 0.7860000373329967 0.570666660554707 0.3000000142492354 0.4586666617542505
5 0.7360000349581242 0.7786666583269835 0.5280000250786543 0.4426666619256139
5 0.8630000409903005 0.20266666449606419 0.17400000826455653 0.23466666415333748
5 0.944000044837594 0.13466666522435844 0.11200000531971455 0.2426666640676558
5 0.4170000198064372 0.31866666325367987 0.19000000902451575 0.24799999734386802
5 0.5600000265985727 0.40933332894928753 0.3160000150091946 0.4239999954588711
5 0.6090000289259478 0.2199999976437539 0.09000000427477062 0.08799999905750155
5 0.31100001477170736 0.12266666535288095 0.2220000105444342 0.2399999974295497
5 0.10100000479724258 0.053333332762122154 0.19800000940449536 0.10133333224803209
5 0.8700000413227826 0.09733333229087293 0.20400000968948007 0.18933333130553365
5 0.5130000243661925 0.08533333241939545 0.18600000883452594 0.16533333156257868
5 0.6710000318707898 0.08266666578128934 0.13400000636465847 0.15999999828636646
