0 0.24400001158937812 0.18351063248701394 0.13600000645965338 0.10106382658705115
0 0.3660000173840672 0.2912233950337395 0.13600000645965338 0.10372340097092092
0 0.370000017574057 0.20877658913377672 0.14000000664964318 0.11436169850639999
0 0.37900001800153404 0.9122340136673301 0.1540000073146075 0.10638297535479069
0 0.6330000300658867 0.8617021003738046 0.21800001035444438 0.12765957042574883
0 0.8260000392328948 0.8085106126964092 0.16400000778958201 0.10106382658705115
0 0.9430000447900966 0.5265957280062139 0.11400000541470945 0.12234042165800929
0 0.6280000298283994 0.5199467920465395 0.19200000911951065 0.11436169850639999
0 0.7640000362880528 0.37632977531757206 0.1480000070296228 0.10904254973866045
0 0.7920000376179814 0.06249999802093953 0.1520000072196126 0.09840425220318139
0 0.5830000276910141 0.06781914678867906 0.12600000598467886 0.10372340097092092
0 0.6650000315858051 0.1050531881628558 0.12600000598467886 0.07712765713222325
0 0.17800000845454633 0.2526595664676279 0.12800000607967377 0.11702127289026976
0 0.25600001215934753 0.8390957181109115 0.21200001006945968 0.14095744234509766
0 0.45700002170633525 0.8191489102318883 0.11800000560469925 0.12234042165800929
0 0.7320000347681344 0.7832446560496464 0.17200000816956162 0.10372340097092092
0 0.729000034625642 0.5744680669158697 0.14200000674463809 0.08510638028383255
0 0.43200002051889896 0.731382955564186 0.2320000110194087 0.1542553142644465
0 0.2850000135367736 0.6196808314416558 0.1540000073146075 0.12765957042574883
0 0.2300000109244138 0.4601063684094697 0.13600000645965338 0.16489361179992557
0 0.36900001752655953 0.4135638166917488 0.13800000655464828 0.1462765911128372
0 0.8230000390904024 0.30452126695308834 0.16600000788457692 0.12499999604187906
0 0.6390000303508714 0.25531914085149765 0.13000000617466867 0.1382978679612279
0 0.4170000198064372 0.14893616549670696 0.10200000484474003 0.09574467781931162
0 0.339000016101636 0.12499999604187906 0.0780000037048012 0.10638297535479069
0 0.5000000237487257 0.605053172330372 0.19200000911951065 0.13563829357735813
0 0.9360000444576144 0.11968084727413952 0.0800000037997961 0.13297871919348836
0 0.8470000402303413 0.17553190933540463 0.1460000069346279 0.13297871919348836
0 0.7370000350056216 0.16356382460799068 0.12600000598467886 0.07712765713222325
0 0.7590000360505655 0.21409573790151626 0.10200000484474003 0.1462765911128372
0 0.5240000248886645 0.36702126497402787 0.144000006839633 0.14893616549670696
0 0.523000024841167 0.32047871325630695 0.1500000071246177 0.09840425220318139
0 0.6610000313958153 0.3417553083272651 0.10200000484474003 0.12499999604187906
0 0.6600000313483179 0.44015956053044647 0.13600000645965338 0.09308510343544185
0 0.7550000358605757 0.4787233890965581 0.13400000636465847 0.11170212412253022
0 0.9530000452650711 0.4202127526514232 0.09400000446476042 0.12234042165800929
0 0.9000000427477062 0.04521276452578604 0.09600000455975533 0.07446808274835348
0 0.8650000410852954 0.2526595664676279 0.14200000674463809 0.10106382658705115
0 0.5490000260761008 0.19281914283055812 0.09400000446476042 0.12499999604187906
0 0.5940000282134861 0.13430850638542324 0.09600000455975533 0.12499999604187906
0 0.4500000213738531 0.26196807681117207 0.08800000417977571 0.11436169850639999
0 0.9300000441726297 0.30452126695308834 0.12800000607967377 0.06648935959674418
