5 0.7450000353856012 0.4600000218488276 0.3100000147242099 0.2360000112093985
5 0.6250000296859071 0.33400001586414874 0.2980000141542405 0.0760000036098063
5 0.6920000328682363 0.31900001515168697 0.3040000144392252 0.0740000035148114
5 0.3020000143442303 0.40600001928396523 0.308000014629215 0.28400001348927617
5 0.07000000332482159 0.3120000148192048 0.13600000645965338 0.19200000911951065
5 0.3020000143442303 0.2380000113043934 0.18800000892952085 0.04800000227987766
5 0.5260000249836594 0.2500000118743628 0.12400000588968396 0.06000000284984708
5 0.5390000256011263 0.23700001125689596 0.25800001225434244 0.0740000035148114
5 0.4970000236062333 0.472000022418797 0.2380000113043934 0.24800001177936792
5 0.9280000440776348 0.257000012206845 0.11600000550970435 0.06600000313483179
5 0.14700000698212534 0.3630000172415748 0.26200001244433224 0.21800001035444438
5 0.9540000453125685 0.3260000154841691 0.09200000436976552 0.1600000075995922
5 0.9760000463575125 0.21000000997446477 0.04400000208988786 0.06400000303983688
5 0.7880000374279916 0.24600001168437302 0.10000000474974513 0.0720000034198165
5 0.8100000384729356 0.2630000124918297 0.12400000588968396 0.05400000256486237
5 0.8810000418452546 0.390000018524006 0.11400000541470945 0.2280000108294189
5 0.6730000319657847 0.2590000123018399 0.13800000655464828 0.0780000037048012
5 0.2730000129668042 0.2790000132517889 0.050000002374872565 0.058000002754852176
5 0.18200000864453614 0.2510000119218603 0.10400000493973494 0.050000002374872565
