2 0.12400000588968396 0.7359999921172857 0.1560000074096024 0.20266666449606419
2 0.27600001310929656 0.6319999932311475 0.1520000072196126 0.15999999828636646
2 0.5970000283559784 0.7266666588839144 0.16600000788457692 0.15733333164826035
2 0.689000032725744 0.6413333264645189 0.11000000522471964 0.11466666543856263
2 0.46500002208631486 0.5733333271928132 0.11800000560469925 0.14399999845772982
2 0.32300001534167677 0.35333332954905927 0.09800000465475023 0.08799999905750155
2 0.46100002189632505 0.3093333300203085 0.08200000389479101 0.04799999948590994
2 0.5550000263610855 0.3119999966584146 0.042000001994892955 0.09066666569560766
2 0.6000000284984708 0.3493333295919001 0.03600000170990825 0.10666666552424431
2 0.7480000355280936 0.34533332963474095 0.04800000227987766 0.08799999905750155
2 0.8780000417027622 0.41999999550171196 0.0760000036098063 0.050666666124016047
2 0.4310000204714015 0.1759999981150031 0.0780000037048012 0.0693333325907588
2 0.36000001709908247 0.15466666501015425 0.06000000284984708 0.04799999948590994
