4 0.8090000384254381 0.5760869672521949 0.226000010734424 0.2826087009161711
4 0.16800000797957182 0.4658385179936886 0.1480000070296228 0.14906832575798035
2 0.19000000902451575 0.5947205079719424 0.16800000797957182 0.245341619476676
2 0.27400001301430166 0.6195652289316058 0.19200000911951065 0.2204968985170126
2 0.4370000207563862 0.6335403844714165 0.17800000845454633 0.25465838983654976
2 0.4400000208988786 0.6319875894114375 0.12000000569969416 0.21428571827709675
2 0.5480000260286033 0.653726720251143 0.08800000417977571 0.2701863404363394
2 0.61600002925843 0.6257764091715217 0.0720000034198165 0.245341619476676
2 0.6760000321082771 0.6568323103711009 0.0720000034198165 0.23913043923676014
2 0.7110000337706879 0.6350931795313954 0.05400000256486237 0.2329192589968443
2 0.8030000381404534 0.6475155400112271 0.09000000427477062 0.26397516019642353
2 0.9580000455025584 0.5807453524321318 0.08400000398978591 0.19254658743739128
2 0.5810000275960192 0.5139751648530364 0.1540000073146075 0.0776397529989481
2 0.6750000320607796 0.5015528043732047 0.042000001994892955 0.052795032039284706
