5 0.545000025886111 0.5959999936167151 0.0780000037048012 0.07733333250507712
5 0.5990000284509733 0.5999999935738742 0.050000002374872565 0.08533333241939545
5 0.7270000345306471 0.5746666605118662 0.0740000035148114 0.07199999922886491
5 0.8630000409903005 0.6546666596550494 0.10200000484474003 0.11466666543856263
5 0.8570000407053158 0.5146666611544788 0.03800000180490315 0.04799999948590994
5 0.45300002151634544 0.5239999943878502 0.03800000180490315 0.039999999571591616
5 0.37900001800153404 0.5533333274070174 0.07000000332482159 0.06666666595265269
5 0.3260000154841691 0.5466666608117521 0.06400000303983688 0.053333332762122154
5 0.20200000959448516 0.545333327492699 0.06000000284984708 0.050666666124016047
5 0.1620000076945871 0.5319999943021685 0.04000000189989805 0.039999999571591616
