0 0.9270000440301374 0.4279999954160303 0.050000002374872565 0.06133333267644048
0 0.6680000317282975 0.5239999943878502 0.0800000037997961 0.06666666595265269
0 0.7470000354805961 0.37733332929201424 0.042000001994892955 0.050666666124016047
0 0.44500002113636583 0.5066666612401605 0.0780000037048012 0.07999999914318323
0 0.34800001652911305 0.5546666607260704 0.0720000034198165 0.06399999931454659
0 0.08800000417977571 0.5239999943878502 0.04400000208988786 0.07199999922886491
0 0.1600000075995922 0.4973333280067891 0.04400000208988786 0.05599999940022826
0 0.1870000088820234 0.494666661368683 0.04600000218488276 0.05599999940022826
0 0.13200000626966357 0.6746666594408453 0.06400000303983688 0.03733333293348551
0 0.19200000911951065 0.6479999930597842 0.04000000189989805 0.053333332762122154
0 0.26600001263432205 0.518666661111638 0.06000000284984708 0.05599999940022826
0 0.31700001505669206 0.48399999481625855 0.03800000180490315 0.06133333267644048
0 0.29900001420173794 0.44933332852087915 0.06600000313483179 0.04533333284780383
0 0.3060000145342201 0.40266666235402226 0.06400000303983688 0.06399999931454659
0 0.37900001800153404 0.41199999558739364 0.0740000035148114 0.0346666662953794
0 0.2960000140592456 0.6253333266358823 0.06400000303983688 0.04533333284780383
0 0.2300000109244138 0.6106666601262987 0.06400000303983688 0.03733333293348551
0 0.24800001177936792 0.6346666598692536 0.05200000246986747 0.03733333293348551
