5 0.22100001049693674 0.6986666591838002 0.14200000674463809 0.12799999862909317
5 0.3610000171465799 0.6346666598692536 0.08200000389479101 0.09066666569560766
5 0.3060000145342201 0.66799999284558 0.10400000493973494 0.09866666560992599
5 0.8230000390904024 0.6506666596978903 0.058000002754852176 0.10133333224803209
5 0.6840000324882567 0.642666659783572 0.0760000036098063 0.10133333224803209
5 0.4990000237012282 0.66799999284558 0.09000000427477062 0.09866666560992599
5 0.5520000262185931 0.6346666598692536 0.06800000322982669 0.09599999897181988
5 0.37300001771654934 0.5599999940022826 0.06600000313483179 0.05866666603833437
5 0.4580000217538327 0.5626666606403887 0.03600000170990825 0.04799999948590994
5 0.7790000370005146 0.6266666599549353 0.042000001994892955 0.06399999931454659
5 0.740000035148114 0.5559999940451235 0.04800000227987766 0.050666666124016047
5 0.791000037570484 0.5559999940451235 0.050000002374872565 0.050666666124016047
5 0.5770000274060294 0.5973333269357681 0.05400000256486237 0.0693333325907588
