5 0.6800000322982669 0.7440120037645102 0.14000000664964318 0.4880239702761173
5 0.5220000247936696 0.568862296640873 0.09200000436976552 0.3353293538093567
5 0.5550000263610855 0.25449102744460106 0.05400000256486237 0.13772455602884293
5 0.43800002080388367 0.22305390052497387 0.04400000208988786 0.09880239889025688
5 0.8370000397553667 0.43113774061203003 0.2300000109244138 0.28143713623285294
5 0.30100001429673284 0.790419191122055 0.3660000173840672 0.41916169226169586
5 0.3330000158166513 0.6017964296042919 0.33400001586414874 0.3652694746851921
5 0.3960000188089907 0.4416167829185724 0.12000000569969416 0.08682635053992271
5 0.1830000086920336 0.5733533147722483 0.20200000959448516 0.33233534172177315
5 0.10100000479724258 0.4416167829185724 0.19800000940449536 0.320359293371439
5 0.7980000379029661 0.5479042120277882 0.2200000104494393 0.34730540215969086
