0 0.26200001244433224 0.8453237602952868 0.1560000074096024 0.09352518199011683
0 0.26200001244433224 0.9400479830801487 0.1520000072196126 0.08633093722164631
0 0.6540000310633332 0.9316546975169331 0.1520000072196126 0.09352518199011683
0 0.658000031253323 0.8309352707583457 0.1520000072196126 0.10311750834807754
0 0.5290000251261517 0.7158273544628173 0.050000002374872565 0.09832134516909719
0 0.76900003652554 0.40047962544485927 0.11000000522471964 0.0671462845057249
0 0.7380000350531191 0.30335732107050717 0.0760000036098063 0.08872901881113648
0 0.8490000403253362 0.16067146649584174 0.11000000522471964 0.08153477404266596
0 0.7840000372380018 0.1354916098061949 0.06000000284984708 0.11750599788501859
0 0.5310000252211466 0.23501199577003717 0.10200000484474003 0.07194244768470526
0 0.1830000086920336 0.18225420080125332 0.12200000579468906 0.09592326357960701
0 0.07900000375229865 0.3093525250442326 0.07000000332482159 0.057553958147764206
