2 0.5510000261710957 0.38266666256822646 0.11800000560469925 0.09866666560992599
2 0.38700001838151366 0.37466666265390813 0.1500000071246177 0.10933333216235042
2 0.3470000164816156 0.4333333286922425 0.17400000826455653 0.07733333250507712
2 0.0800000037997961 0.47866666154004633 0.10000000474974513 0.07733333250507712
2 0.5220000247936696 0.7279999922029674 0.48800002317875624 0.4159999955445528
2 0.2650000125868246 0.8546666575130075 0.4540000215638429 0.29066666355356574
2 0.8880000421777368 0.7706666584126651 0.2240000106394291 0.4586666617542505
2 0.14500000688713044 0.6546666596550494 0.27800001320429146 0.3546666628681123
2 0.5250000249361619 0.915999990189448 0.4700000223238021 0.16799999820068479
2 0.7480000355280936 0.518666661111638 0.3120000148192048 0.2106666644103825
2 0.5930000281659886 0.5106666611973196 0.13000000617466867 0.09333333233371377
