2 0.5080000241287053 0.6306306459009647 0.12000000569969416 0.28828829526901245
2 0.5790000275010243 0.6216216366738081 0.0780000037048012 0.21621622145175934
2 0.6230000295909122 0.6021021166816354 0.08600000408478081 0.21921922452747822
2 0.6640000315383077 0.6006006151437759 0.06400000303983688 0.2222222276031971
2 0.4030000191414729 0.6171171320602298 0.09000000427477062 0.24924925528466702
2 0.2320000110194087 0.5240240367129445 0.05200000246986747 0.09909910149872303
2 0.2980000141542405 0.5285285413265228 0.0760000036098063 0.07807807996869087
2 0.17100000812206417 0.5915916059166193 0.07000000332482159 0.21021021530032158
2 0.26600001263432205 0.6411411566659808 0.08400000398978591 0.23123123683035374
2 0.33000001567415893 0.6921922089532018 0.09200000436976552 0.2552552614361048
